n 0.000000 0.000000 1.000000
p -10.000000 92.000000 106.000000
p 0.000000 93.000000 106.000000
p -10.000000 101.000000 106.000000
n -0.098743 -0.123429 0.987429
p -10.000000 101.000000 106.000000
p 0.000000 93.000000 106.000000
p 0.000000 101.000000 107.000000
n 0.098743 -0.123429 0.987429
p 0.000000 101.000000 107.000000
p 0.000000 93.000000 106.000000
p 10.000000 101.000000 106.000000
n 0.000000 -0.000000 1.000000
p 10.000000 101.000000 106.000000
p 0.000000 93.000000 106.000000
p 10.000000 92.000000 106.000000
v 0.000000 101.000000 107.000000
c 32
r 40
f 8
