n 0.123429 0.987429 -0.098743
p 239.000000 85.000000 -11.000000
p 239.000000 86.000000 -1.000000
p 247.000000 84.000000 -11.000000
n 0.216879 0.975957 -0.021688
p 247.000000 84.000000 -11.000000
p 239.000000 86.000000 -1.000000
p 248.000000 84.000000 -1.000000
n 0.216879 0.975957 0.021688
p 248.000000 84.000000 -1.000000
p 239.000000 86.000000 -1.000000
p 247.000000 84.000000 9.000000
n 0.123429 0.987429 0.098743
p 247.000000 84.000000 9.000000
p 239.000000 86.000000 -1.000000
p 239.000000 85.000000 9.000000
v 248.000000 84.000000 -1.000000
c 32
r 44
f 8
