n -0.402825 -0.338987 0.850188
p -40.000000 95.000000 125.000000
p -54.000000 69.000000 108.000000
p -3.000000 41.000000 121.000000
n -0.404006 -0.339732 0.849330
p -40.000000 95.000000 125.000000
p -3.000000 41.000000 121.000000
p -3.000000 96.000000 143.000000
n 0.403177 -0.339868 0.849670
p 48.000000 69.000000 108.000000
p -3.000000 96.000000 143.000000
p -3.000000 41.000000 121.000000
n 0.389916 -0.361408 0.846965
p 48.000000 69.000000 108.000000
p 33.000000 95.000000 126.000000
p -3.000000 96.000000 143.000000
v -3.000000 96.000000 143.000000
c 8
r 44
f 12
