n -0.052416 -0.277803 0.959207
p -24.000000 49.000000 92.000000
p 1.000000 65.000000 98.000000
p -25.000000 63.000000 96.000000
n -0.054861 -0.274307 0.960076
p -24.000000 49.000000 92.000000
p 1.000000 51.000000 94.000000
p 1.000000 65.000000 98.000000
n 0.105057 -0.256237 0.960888
p 1.000000 51.000000 94.000000
p 26.000000 50.000000 91.000000
p 26.000000 65.000000 95.000000
n 0.114622 -0.272910 0.955187
p 1.000000 51.000000 94.000000
p 26.000000 65.000000 95.000000
p 1.000000 65.000000 98.000000
v 1.000000 65.000000 98.000000
c 32
r 36
f 8
