n 0.131709 0.987814 -0.082928
p 229.000000 88.000000 -27.000000
p 246.000000 88.000000 0.000000
p 244.000000 86.000000 -27.000000
n 0.131709 0.987814 -0.082928
p 229.000000 88.000000 -27.000000
p 231.000000 90.000000 0.000000
p 246.000000 88.000000 0.000000
n 0.126060 0.988312 0.085721
p 231.000000 90.000000 0.000000
p 229.000000 88.000000 26.000000
p 244.000000 86.000000 27.000000
n 0.131709 0.987814 0.082928
p 231.000000 90.000000 0.000000
p 244.000000 86.000000 27.000000
p 246.000000 88.000000 0.000000
v 246.000000 88.000000 0.000000
c 32
r 36
f 8
