n 0.195660 0.011509 0.980604
p 1.000000 68.000000 126.000000
p 27.000000 52.000000 121.000000
p 26.000000 69.000000 121.000000
n 0.151768 -0.061656 0.986491
p 1.000000 68.000000 126.000000
p 1.000000 52.000000 125.000000
p 27.000000 52.000000 121.000000
n -0.079591 -0.062180 0.994886
p -24.000000 68.000000 124.000000
p 1.000000 52.000000 125.000000
p 1.000000 68.000000 126.000000
n -0.074512 -0.054190 0.995747
p -25.000000 51.000000 123.000000
p 1.000000 52.000000 125.000000
p -24.000000 68.000000 124.000000
v 1.000000 68.000000 126.000000
c 32
r 40
f 12
