n -0.003948 0.998869 0.047377
p 187.000000 167.000000 -4.000000
p 186.000000 166.000000 17.000000
p 198.000000 166.000000 18.000000
n -0.003948 0.998869 -0.047377
p 187.000000 167.000000 -4.000000
p 198.000000 166.000000 -26.000000
p 186.000000 166.000000 -25.000000
n -0.090167 0.991837 -0.090167
p 187.000000 167.000000 -4.000000
p 198.000000 168.000000 -4.000000
p 198.000000 166.000000 -26.000000
n -0.090167 0.991837 0.090167
p 187.000000 167.000000 -4.000000
p 198.000000 166.000000 18.000000
p 198.000000 168.000000 -4.000000
n 0.230415 0.969096 0.088100
p 198.000000 168.000000 -4.000000
p 198.000000 166.000000 18.000000
p 211.000000 163.000000 17.000000
n 0.230415 0.969096 -0.088100
p 198.000000 168.000000 -4.000000
p 211.000000 163.000000 -25.000000
p 198.000000 166.000000 -26.000000
n 0.150564 0.978664 -0.139809
p 198.000000 168.000000 -4.000000
p 211.000000 166.000000 -4.000000
p 211.000000 163.000000 -25.000000
n 0.150564 0.978664 0.139809
p 198.000000 168.000000 -4.000000
p 211.000000 163.000000 17.000000
p 211.000000 166.000000 -4.000000
v 211.000000 166.000000 -4.000000
c 32
r 40
f 16
