n -0.090081 -0.100090 0.990892
p -9.000000 66.000000 119.000000
p 2.000000 66.000000 120.000000
p -8.000000 75.000000 120.000000
n -0.098901 -0.109890 0.989011
p -8.000000 75.000000 120.000000
p 2.000000 66.000000 120.000000
p 2.000000 75.000000 121.000000
n 0.098901 -0.109890 0.989011
p 2.000000 75.000000 121.000000
p 2.000000 66.000000 120.000000
p 12.000000 75.000000 120.000000
n 0.098901 -0.109890 0.989011
p 12.000000 75.000000 120.000000
p 2.000000 66.000000 120.000000
p 12.000000 66.000000 119.000000
v 2.000000 75.000000 121.000000
c 32
r 44
f 8
