n 0.000000 -0.124035 0.992278
p -10.000000 65.000000 122.000000
p 0.000000 65.000000 122.000000
p -10.000000 73.000000 123.000000
n 0.000000 -0.124035 0.992278
p -10.000000 73.000000 123.000000
p 0.000000 65.000000 122.000000
p 0.000000 73.000000 123.000000
n 0.000000 -0.124035 0.992278
p 0.000000 73.000000 123.000000
p 0.000000 65.000000 122.000000
p 10.000000 73.000000 123.000000
n 0.000000 -0.124035 0.992278
p 10.000000 73.000000 123.000000
p 0.000000 65.000000 122.000000
p 10.000000 65.000000 122.000000
v 0.000000 73.000000 123.000000
c 32
r 44
f 8
