n 0.216930 0.976187 0.000000
p 243.000000 125.000000 -11.000000
p 243.000000 125.000000 -1.000000
p 252.000000 123.000000 -11.000000
n 0.109890 0.989011 -0.098901
p 252.000000 123.000000 -11.000000
p 243.000000 125.000000 -1.000000
p 252.000000 124.000000 -1.000000
n 0.109890 0.989011 0.098901
p 252.000000 124.000000 -1.000000
p 243.000000 125.000000 -1.000000
p 252.000000 123.000000 9.000000
n 0.216930 0.976187 0.000000
p 252.000000 123.000000 9.000000
p 243.000000 125.000000 -1.000000
p 243.000000 125.000000 9.000000
v 252.000000 124.000000 -1.000000
c 32
r 44
f 8
