n -0.067784 -0.458467 0.886123
p -30.000000 44.000000 118.000000
p -3.000000 69.000000 133.000000
p -35.000000 66.000000 129.000000
n 0.053116 -0.470965 0.880551
p 24.000000 44.000000 118.000000
p 29.000000 67.000000 130.000000
p -3.000000 69.000000 133.000000
n -0.130186 -0.094580 0.986968
p -35.000000 66.000000 129.000000
p -3.000000 95.000000 136.000000
p -38.000000 91.000000 131.000000
n -0.112707 -0.113894 0.987079
p -35.000000 66.000000 129.000000
p -3.000000 69.000000 133.000000
p -3.000000 95.000000 136.000000
n 0.085652 -0.114203 0.989758
p 29.000000 67.000000 130.000000
p -3.000000 95.000000 136.000000
p -3.000000 69.000000 133.000000
n 0.136499 -0.055942 0.989059
p 29.000000 67.000000 130.000000
p 32.000000 92.000000 131.000000
p -3.000000 95.000000 136.000000
v -3.000000 95.000000 136.000000
c 32
r 44
f 8
