n 0.356163 -0.304613 0.883379
p 49.000000 67.000000 110.000000
p -3.000000 99.000000 142.000000
p -3.000000 41.000000 122.000000
n 0.338024 -0.331524 0.880813
p 49.000000 67.000000 110.000000
p 39.000000 94.000000 124.000000
p -3.000000 99.000000 142.000000
n -0.355068 -0.304749 0.883773
p -46.000000 94.000000 123.000000
p -3.000000 41.000000 122.000000
p -3.000000 99.000000 142.000000
n -0.346657 -0.298031 0.889386
p -46.000000 94.000000 123.000000
p -57.000000 68.000000 110.000000
p -3.000000 41.000000 122.000000
v -3.000000 99.000000 142.000000
c 8
r 44
f 12
