n 0.277741 -0.157931 0.947585
p 0.000000 88.000000 154.000000
p 0.000000 40.000000 146.000000
p 58.000000 88.000000 137.000000
n 0.246192 0.483607 0.839949
p 0.000000 88.000000 154.000000
p 58.000000 88.000000 137.000000
p 0.000000 121.000000 135.000000
n -0.246192 0.483607 0.839949
p -58.000000 88.000000 137.000000
p 0.000000 88.000000 154.000000
p 0.000000 121.000000 135.000000
n -0.277741 -0.157931 0.947585
p 0.000000 40.000000 146.000000
p 0.000000 88.000000 154.000000
p -58.000000 88.000000 137.000000
v 0.000000 121.000000 135.000000
c 8
r 44
f 10
