n -0.097771 0.953267 0.285874
p 217.000000 169.000000 -3.000000
p 178.000000 165.000000 -3.000000
p 215.000000 155.000000 43.000000
n 0.542027 0.797098 0.266161
p 217.000000 169.000000 -3.000000
p 215.000000 155.000000 43.000000
p 242.000000 152.000000 -3.000000
n 0.542027 0.797098 -0.266161
p 215.000000 155.000000 -49.000000
p 217.000000 169.000000 -3.000000
p 242.000000 152.000000 -3.000000
n -0.097771 0.953267 -0.285874
p 178.000000 165.000000 -3.000000
p 217.000000 169.000000 -3.000000
p 215.000000 155.000000 -49.000000
v 242.000000 152.000000 -3.000000
c 8
r 40
f 10
